!## created by /work/AndrewM/code/SAPS/python/script_dir/mk_viridis_red_colormap.py
!##   - renamed from "viridis_red_hot_v2_new_edited.txt" which is a slightly edited version (edited RGBs in 188-192 range) of version created automatically by script
!##   - viridis with red extension 
!##   - includes SAPS flags
!##   - total colors 256
0 ; 0 0 0
1 ; 72 25 107
2 ; 72 26 108
3 ; 72 28 110
4 ; 72 30 112
5 ; 72 32 113
6 ; 72 33 114
7 ; 72 34 115
8 ; 72 35 116
9 ; 71 37 117
10 ; 71 39 119
11 ; 71 40 120
12 ; 71 42 121
13 ; 71 43 122
14 ; 71 44 123
15 ; 70 45 124
16 ; 70 48 125
17 ; 70 49 126
18 ; 69 50 127
19 ; 69 52 127
20 ; 69 53 128
21 ; 69 54 129
22 ; 68 57 130
23 ; 67 58 131
24 ; 67 59 131
25 ; 67 60 132
26 ; 66 61 132
27 ; 66 62 133
28 ; 65 65 134
29 ; 65 66 134
30 ; 64 67 135
31 ; 64 68 135
32 ; 63 69 135
33 ; 63 71 136
34 ; 62 73 137
35 ; 61 74 137
36 ; 61 75 137
37 ; 61 76 137
38 ; 60 77 138
39 ; 60 78 138
40 ; 59 81 138
41 ; 58 82 139
42 ; 58 83 139
43 ; 57 84 139
44 ; 57 85 139
45 ; 56 86 139
46 ; 55 88 140
47 ; 55 89 140
48 ; 54 90 140
49 ; 54 91 140
50 ; 53 92 140
51 ; 53 93 140
52 ; 52 95 141
53 ; 51 96 141
54 ; 51 97 141
55 ; 50 98 141
56 ; 50 99 141
57 ; 49 100 141
58 ; 49 102 141
59 ; 48 103 141
60 ; 48 104 141
61 ; 47 105 141
62 ; 47 106 141
63 ; 46 108 142
64 ; 46 109 142
65 ; 45 110 142
66 ; 45 111 142
67 ; 44 112 142
68 ; 44 113 142
69 ; 43 115 142
70 ; 43 116 142
71 ; 42 117 142
72 ; 42 118 142
73 ; 42 119 142
74 ; 41 120 142
75 ; 40 122 142
76 ; 40 122 142
77 ; 40 123 142
78 ; 39 124 142
79 ; 39 125 142
80 ; 39 126 142
81 ; 38 128 142
82 ; 38 129 142
83 ; 37 130 142
84 ; 37 131 141
85 ; 36 132 141
86 ; 36 133 141
87 ; 35 135 141
88 ; 35 136 141
89 ; 35 137 141
90 ; 34 137 141
91 ; 34 138 141
92 ; 34 139 141
93 ; 33 141 140
94 ; 33 142 140
95 ; 32 143 140
96 ; 32 144 140
97 ; 32 145 140
98 ; 31 146 140
99 ; 31 148 139
100 ; 31 149 139
101 ; 31 150 139
102 ; 30 151 138
103 ; 30 152 138
104 ; 30 153 138
105 ; 30 154 137
106 ; 30 155 137
107 ; 30 156 137
108 ; 30 157 136
109 ; 30 158 136
110 ; 30 159 136
111 ; 31 161 135
112 ; 31 162 134
113 ; 31 163 134
114 ; 32 164 133
115 ; 32 165 133
116 ; 33 166 133
117 ; 34 167 132
118 ; 35 168 131
119 ; 35 169 130
120 ; 36 170 130
121 ; 37 171 129
122 ; 38 172 129
123 ; 40 174 127
124 ; 41 175 127
125 ; 42 176 126
126 ; 43 177 125
127 ; 44 177 125
128 ; 46 178 124
129 ; 48 180 122
130 ; 50 181 122
131 ; 51 182 121
132 ; 53 183 120
133 ; 54 184 119
134 ; 57 185 118
135 ; 59 186 117
136 ; 61 187 116
137 ; 62 188 115
138 ; 64 189 114
139 ; 66 190 113
140 ; 69 191 111
141 ; 71 192 110
142 ; 73 193 109
143 ; 75 194 108
144 ; 77 194 107
145 ; 79 195 105
146 ; 83 197 103
147 ; 85 198 102
148 ; 87 198 101
149 ; 89 199 100
150 ; 91 200 98
151 ; 94 201 97
152 ; 98 202 95
153 ; 100 203 93
154 ; 103 204 92
155 ; 105 204 91
156 ; 107 205 89
157 ; 109 206 88
158 ; 114 207 85
159 ; 116 208 84
160 ; 119 208 82
161 ; 121 209 81
162 ; 124 210 79
163 ; 126 210 78
164 ; 131 211 75
165 ; 134 212 73
166 ; 136 213 71
167 ; 139 213 70
168 ; 141 214 68
169 ; 144 214 67
170 ; 149 215 63
171 ; 151 216 62
172 ; 154 216 60
173 ; 157 217 58
174 ; 159 217 56
175 ; 162 218 55
176 ; 167 219 51
177 ; 170 219 50
178 ; 173 220 48
179 ; 175 220 46
180 ; 178 221 44
181 ; 181 221 43
182 ; 186 222 39
183 ; 189 222 38
184 ; 191 223 36
185 ; 194 223 34
186 ; 197 223 33
187 ; 199 224 31
188 ; 204 220 28
189 ; 210 217 25
190 ; 216 215 22
191 ; 219 211 22
192 ; 221 207 20
193 ; 224 202 19
194 ; 226 197 17
195 ; 228 192 16
196 ; 230 188 15
197 ; 232 183 13
198 ; 235 178 12
199 ; 237 174 11
200 ; 239 169 9
201 ; 241 164 8
202 ; 243 159 6
203 ; 246 155 5
204 ; 248 150 4
205 ; 250 145 2
206 ; 252 140 1
207 ; 255 136 0
208 ; 255 131 0
209 ; 255 125 0
210 ; 255 120 0
211 ; 255 115 0
212 ; 255 110 0
213 ; 255 104 0
214 ; 255 99 0
215 ; 255 94 0
216 ; 255 89 0
217 ; 255 83 0
218 ; 255 78 0
219 ; 255 73 0
220 ; 255 68 0
221 ; 255 62 0
222 ; 255 57 0
223 ; 255 52 0
224 ; 255 47 0
225 ; 255 41 0
226 ; 255 36 0
227 ; 255 31 0
228 ; 255 26 0
229 ; 255 20 0
230 ; 255 15 0
231 ; 255 10 0
232 ; 255 5 0
233 ; 254 0 0
234 ; 249 0 0
235 ; 244 0 0
236 ; 238 0 0
237 ; 233 0 0
238 ; 228 0 0
239 ; 223 0 0
240 ; 217 0 0
241 ; 212 0 0
242 ; 207 0 0
243 ; 202 0 0
244 ; 196 0 0
245 ; 191 0 0
246 ; 186 0 0
247 ; 181 0 0
248 ; 175 0 0
249 ; 170 0 0
250 ; 130 0 13
251 ; 82 82 82
252 ; 247 247 247
253 ; 204 204 204
254 ; 150 150 150
255 ; 37 37 37
